45787
4000
98867
36533
13000
85543
12343
12315
34675
10000
3456
45787
4000
98867
36533
13000
85543
12343
12315
34675
10000
3456
45787
4000
98867
36533
13000
85543
12343
12315
34675
10000
3456
13000
85543
12343
12315
34675
10000
3456
45787
4000
98867
36533
13000
85543
12343
13000
85543
12343
12315
34675
10000
3456
45787
4000
98867
36533
13000
85543
12343
98867
36533
13000
85543
12343
12315
34675
10000
3456
45787
4000
98867
36533
13000
85543
12343
12315
34675
10000
3456
45787
4000
98867
36533
13000
85543
12343
12315
34675
10000
3456
13000
85543
12343
12315
34675
10000
3456
45787
4000
98867
36533
13000
85543
12343
13000
85543
12343
12315
34675
10000
3456
45787
98867
36533
13000
85543
12343
12315
34675
10000
3456
45787
4000
98867
36533
13000
85543
12343
12315
34675
10000
3456
45787
4000
98867
36533
13000
85543
12343
12315
34675
10000
3456
13000
85543
12343
12315
34675
10000
3456
45787
4000
98867
36533
13000
85543
12343
13000
85543
12343
12315
34675
10000
3456
45787
98867
36533
13000
85543
12343
12315
34675
10000
3456
45787
4000
98867
36533
13000
85543
12343
12315
34675
10000
3456
45787
4000
98867
36533
13000
85543
12343
12315
34675
10000
3456
13000
85543
12343
12315
34675
10000
3456
45787
4000
98867
36533
13000
85543
12343
13000
85543
12343
12315
34675
10000
3456
45787
98867
36533
13000
85543
12343
12315
34675
10000
3456
45787
4000
98867
36533
13000
85543
12343
12315
34675
10000
3456
45787
4000
98867
36533
13000
85543
12343
12315
34675
10000
3456
13000
85543
12343
12315
34675
10000
3456
45787
4000
98867
36533
13000
85543
12343
13000
85543
12343
12315
34675
10000
3456
45787
98867
36533
13000
85543
12343
12315
34675
10000
3456
45787
4000
98867
36533
13000
85543
12343
12315
34675
10000
3456
45787
4000
98867
36533
13000
85543
12343
12315
34675
10000
3456
13000
85543
12343
12315
34675
10000
3456
45787
4000
98867
36533
13000
85543
12343
13000
85543
12343
12315
34675
10000
3456
45787
98867
36533
13000
85543
12343
12315
34675
10000
3456
45787
4000
98867
36533
13000
85543
12343
12315
34675
10000
3456
45787
4000
98867
36533
13000
85543
12343
12315
34675
10000
3456
13000
85543
12343
12315
34675
10000
3456
45787